image: /home/student/catkin_ws/g_map.pgm
resolution: 0.050000
origin: [-5.650000, -6.200000, 0.000000]
negate: 0
occupied_thresh: 0.65
free_thresh: 0.196

